image: indoor_map.pgm
mode: trinary
resolution: 0.100000
origin: [-104.000000, -152.000000, 0.000000]
negate: 0
occupied_thresh: 0.65
free_thresh: 0.25
