image: "maps.pgm"
mode: trinary
resolution: 0.05000000075
origin: [-15.01076813, -12.73202439, 0.0]
negate: 0
occupied_thresh: 0.65
free_thresh: 0.25
